p(0.0)=(0.282095, 1.0)
p(1.0)=(0.219696, 1.0)
p(-1.0)=(0.219696, 1.0)
cdf(-1.0)=(0.239750, 0.0)
cdf(0.0)=(0.5, 0.0)
cdf(1.0)=(0.76025, 0.0)