p(0.0)=(0.3989422804014327, 1.0)
p(1.0)=(0.24197072451914337, 1.0)
cdf(0.0)=(0.5, 0.0)
