p(1.0)=(0.049787, 1.0)
p(21.0)=(0.0, 1.0)
p(-1.0)=(0.0, 1.0)
cdf(5.0)=(0.248935, 0.0)
cdf(0.0)=(0.0, 0.0)
cdf(21.0)=(1.0, 0.0)