p([])=(0.5, 0.0)
p([0.0])=(0.099735570, 1.0)
p([0.0, 0.0])=(0.0198943, 2.0)