p(0.5)=(0.7041306535285992, 1.0)
p(1.0)=(0.4839414490382867, 1.0)
p(-0.5)=(0.0, 0.0)
cdf(-1.0)=(0.0, 0.0)
cdf(0.5)=(0.3829249225480262, 0.0)
cdf(2.0)=(0.9544997361036416, 0.0)
cdf(100.0)=(1.0, 0.0)
