p(0.0)=(0.066645, 1.0)
p(1.0)=(0.073654, 1.0)
p(3.0)=(0.079788, 1.0)
p(5.0)=(0.073654, 1.0)
p(6.0)=(0.066645, 1.0)
cdf(3.0)=(0.5, 0.0)
cdf(0.0)=(0.274253, 0.0)
cdf(5.0)=(0.655422, 0.0)