p(1.0)=(0.398942, 1.0)
p(2.0)=(0.156874, 1.0)
p(-1.0)=(0.0, 1.0)
cdf(1.0)=(0.5, 0.0)
cdf(2.0)=(0.755891, 0.0)