p(0.0)=(0.0997,1.0)
p(1.0)=(0.0967,1.0)
p(-1.0)=(0.0967,1.0)
cdf(0.0)=(0.5, 0.0)
cdf(1.0)=(0.598706, 0.0)
cdf(-1.0)=(0.401294, 0.0)