p(0.0)=(0.3989,1.0)
p(1.0)=(0.242,1.0)
p(-1.0)=(0.242,1.0)
cdf(0.0)=(0.5, 0.0)
cdf(1.0)=(0.841345, 0.0)
cdf(-1.0)=(0.158655, 0.0)