p(1.0)=(0.241971, 1.0)
p(0.5)=(0.761191, 1.0)
p(-1.0)=(0.0, 1.0)
cdf(1.0)=(0.841345, 0.0)
cdf(0.5)=(0.620522, 0.0)