p(1.0)=(0.199471, 1.0)
p(2.0)=(0.093922, 1.0)
p(-1.0)=(0.0, 1.0)
cdf(1.0)=(0.5, 0.0)
cdf(2.0)=(0.635544, 0.0)