p(1.0)=(0.797885, 1.0)
p(2.0)=(0.152614, 1.0)
p(-1.0)=(0.0, 1.0)
cdf(1.0)=(0.5, 0.0)
cdf(2.0)=(0.917171, 0.0)