p(-1.0)=(0.367879, 1.0)
p(-2.0)=(0.135335, 1.0)
p(1.0)=(0.0, 0.0)
cdf(-1.0)=(0.367879, 0.0)
cdf(-2.0)=(0.135335, 0.0)