p(0.0)=(0.220721, 1.0)
p(1.0)=(0.287487, 1.0)
cdf(-1.0)=(0.165644, 0.0)
cdf(0.0)=(0.329328, 0.0)
cdf(1.0)=(0.595731, 0.0)
